<svg version="1.1" id="Layer_1" xmlns="http://www.w3.org/2000/svg" xmlns:xlink="http://www.w3.org/1999/xlink" x="0px" y="0px"
	 width="100%" viewBox="0 0 1254 1254" enable-background="new 0 0 1254 1254" xml:space="preserve">
<path fill="#FEFDFD" opacity="1.000000" stroke="none" 
	d="
M865.000000,1255.000000 
	C576.666687,1255.000000 288.833344,1255.000000 1.000000,1255.000000 
	C1.000000,837.000000 1.000000,419.000000 1.000000,1.000000 
	C419.000000,1.000000 837.000000,1.000000 1255.000000,1.000000 
	C1255.000000,419.000000 1255.000000,837.000000 1255.000000,1255.000000 
	C1125.166626,1255.000000 995.333313,1255.000000 865.000000,1255.000000 
M376.240753,516.359863 
	C376.241882,511.770050 377.760406,506.479065 370.558563,504.504028 
	C368.762573,503.532196 366.966553,502.560394 364.745239,501.145630 
	C363.778290,500.692780 362.811340,500.239929 361.698608,499.718811 
	C361.698608,516.110046 361.698608,532.059875 361.698608,548.881775 
	C366.796051,548.198669 371.353546,547.587952 376.088257,546.188782 
	C376.034576,545.116638 375.980927,544.044556 376.156616,542.386536 
	C376.081543,540.933777 376.006500,539.480957 376.089600,537.227173 
	C376.039429,536.143799 375.989288,535.060425 376.191833,533.226379 
	C376.124603,528.818481 376.057404,524.410583 376.145996,519.259827 
	C376.097412,518.506042 376.048859,517.752197 376.240753,516.359863 
M539.205017,905.652954 
	C550.746460,912.665344 562.287842,919.677795 574.622437,927.172180 
	C574.622437,920.787659 574.738892,915.528137 574.523376,910.282227 
	C574.480774,909.244080 573.379639,907.900513 572.398193,907.305054 
	C564.331848,902.410522 556.178345,897.659546 547.659668,892.329285 
	C535.781921,885.195007 523.904236,878.060730 511.645660,870.377808 
	C497.759674,862.021362 483.873688,853.664917 469.446960,844.857178 
	C455.645233,836.536255 441.843506,828.215332 427.651642,819.353027 
	C416.999084,812.882874 406.553131,806.032349 395.613342,800.091125 
	C389.455933,796.747070 386.670898,792.890564 387.469208,785.702271 
	C388.205444,779.073181 387.625885,772.297913 387.625885,764.679260 
	C382.388031,767.774292 378.058594,770.189514 373.918915,772.895142 
	C373.053101,773.461060 372.478607,775.092468 372.463745,776.241882 
	C372.351868,784.887329 372.332764,793.536804 372.514099,802.180176 
	C372.539398,803.386719 373.521118,805.053101 374.560028,805.685974 
	C388.596802,814.237244 402.722107,822.643250 417.241547,831.628113 
	C419.919006,833.258911 422.585114,834.908752 425.275879,836.517395 
	C437.723267,843.959045 450.177521,851.389282 462.947296,859.367676 
	C477.915039,868.401978 492.882812,877.436218 508.263519,886.957336 
	C518.436279,893.009949 528.609070,899.062622 539.205017,905.652954 
M697.516357,394.628876 
	C688.718689,389.299774 679.920959,383.970703 670.710388,378.130005 
	C659.203369,371.220764 647.696350,364.311554 635.724670,356.954224 
	C633.750549,355.729309 631.878418,354.263245 629.764404,353.368866 
	C628.472168,352.822113 626.432190,352.536255 625.368408,353.184387 
	C611.493958,361.637848 597.734253,370.279541 583.226929,378.924347 
	C568.991760,387.875244 554.756653,396.826172 539.845825,405.871063 
	C536.045898,408.211517 532.227905,410.523224 528.449402,412.897705 
	C516.244202,420.567505 504.053497,428.260345 491.178894,436.068268 
	C471.283447,448.216522 451.452423,460.472809 431.433899,472.414703 
	C427.783875,474.592072 426.654053,476.927795 426.661011,481.087616 
	C426.793060,559.895203 426.943604,638.704163 426.502197,717.509521 
	C426.449524,726.913574 431.074005,731.610352 437.899078,736.759827 
	C440.287872,739.053223 442.594025,741.440735 445.078949,743.624817 
	C461.232391,757.823059 477.424652,771.977173 493.984497,786.727112 
	C507.652008,797.496887 521.319519,808.266602 535.385925,819.564453 
	C549.880554,829.858032 564.375122,840.151672 579.271606,850.954285 
	C581.156311,852.227722 583.027649,853.521484 584.927917,854.771301 
	C595.616882,861.801392 606.312805,868.820984 617.510620,876.305969 
	C620.795959,878.516113 624.081299,880.726196 627.548157,883.058411 
	C637.793701,876.518433 647.979492,870.075562 658.091675,863.518921 
	C660.539124,861.932007 662.743347,859.969910 665.786438,858.067078 
	C680.575012,847.893250 695.363586,837.719360 710.717590,827.095520 
	C711.608582,826.412903 712.505737,825.738281 713.389526,825.046387 
	C728.013489,813.598572 742.635864,802.148560 757.888794,790.324280 
	C762.621704,786.101868 767.333679,781.855713 772.092224,777.662476 
	C779.769714,770.896729 787.478027,764.166016 795.779175,757.118896 
	C797.506226,755.412537 799.233337,753.706238 801.536072,751.722290 
	C802.697693,750.486206 803.859314,749.250061 805.643616,747.787720 
	C808.857422,744.644226 811.838257,741.209839 815.329529,738.412659 
	C825.105774,730.580200 830.166016,721.044312 827.741211,708.204163 
	C827.225098,705.471008 827.686523,702.554443 827.687622,699.722351 
	C827.715881,626.254944 827.713745,552.787476 827.859436,479.320282 
	C827.866394,475.808319 826.760925,473.761353 823.780884,472.225037 
	C820.765747,470.670532 817.900696,468.825012 814.555420,466.572845 
	C799.386414,457.318207 784.217346,448.063538 768.650635,438.280792 
	C756.099304,430.605743 743.547974,422.930695 730.468323,414.788910 
	C719.643250,408.233154 708.818176,401.677399 697.516357,394.628876 
M852.393677,387.052399 
	C850.726257,386.006775 849.069519,384.943665 847.389771,383.918213 
	C829.932190,373.260712 812.470825,362.609253 794.582275,351.439453 
	C785.116455,345.639526 775.708252,339.742828 766.167847,334.068268 
	C757.521667,328.925568 748.731567,324.025024 739.401978,318.711090 
	C733.404846,314.872314 727.484497,310.906799 721.394775,307.220947 
	C708.483093,299.406036 695.483215,291.736938 681.502136,283.401550 
	C681.502136,289.835205 681.343384,295.264130 681.637939,300.668396 
	C681.695862,301.730835 683.352661,302.943909 684.530029,303.668274 
	C691.191650,307.766907 697.921326,311.755432 704.647522,315.748383 
	C716.084656,322.537903 727.536316,329.302856 739.368958,336.617798 
	C742.053162,338.280609 744.711731,339.986725 747.425903,341.599030 
	C762.274719,350.419556 777.137268,359.216980 792.394226,368.560516 
	C809.940125,379.002899 827.486023,389.445282 845.479736,400.397644 
	C851.311584,403.927887 857.022583,407.683624 863.023254,410.898682 
	C866.307373,412.658234 867.197327,414.814117 867.115662,418.384338 
	C866.869812,429.130127 867.027039,439.885132 867.027039,451.587982 
	C872.135803,448.527985 876.570557,446.017639 880.807068,443.208191 
	C881.632446,442.660889 882.032654,440.953674 882.042847,439.776428 
	C882.137878,428.792145 882.180847,417.805542 882.011108,406.823151 
	C881.990417,405.481873 880.964844,403.621307 879.834595,402.918243 
	C872.080933,398.095245 864.175171,393.516693 855.796021,388.284851 
	C854.962219,388.390991 854.128479,388.497131 853.196289,388.158356 
	C853.140259,387.809784 852.939026,387.600861 852.393677,387.052399 
M746.258423,868.076172 
	C725.204224,880.866638 704.140503,893.641663 683.117859,906.483948 
	C681.781494,907.300293 679.833191,908.579895 679.757996,909.746338 
	C679.402466,915.266296 679.599304,920.821838 679.599304,927.158142 
	C697.701782,916.209900 714.961914,905.850098 732.136108,895.349609 
	C740.194580,890.422485 748.087219,885.224182 756.717407,879.865173 
	C772.810120,870.201721 788.902832,860.538269 805.660339,850.706543 
	C829.653076,836.011536 853.670288,821.356079 877.580566,806.528259 
	C879.095520,805.588806 880.639771,803.341553 880.704346,801.646912 
	C881.027588,793.162109 880.931396,784.657654 880.793518,776.163086 
	C880.772705,774.878113 880.114075,773.061462 879.140564,772.428162 
	C875.024536,769.750366 870.677917,767.426941 865.633484,764.523804 
	C865.633484,772.846313 865.224182,780.321045 865.767090,787.725952 
	C866.177490,793.324646 864.108276,796.292419 859.378479,799.120178 
	C840.386597,810.474731 821.676697,822.300781 802.185608,834.082275 
	C783.764038,845.335632 765.342468,856.588989 746.258423,868.076172 
M618.764893,1024.067505 
	C635.586975,1027.948486 652.087219,1018.936462 657.771790,1002.763000 
	C663.361206,986.860229 655.905334,968.142822 640.812866,960.785828 
	C635.004150,959.653320 634.349487,955.758667 634.460327,950.559509 
	C634.783386,935.407471 634.585571,920.244019 634.560059,905.085083 
	C634.557983,903.858337 634.313110,902.632019 634.172302,901.323792 
	C631.480530,902.474304 629.190125,904.268127 626.976318,904.178101 
	C624.600220,904.081543 622.296021,902.214478 619.266968,900.795105 
	C619.266968,903.083496 619.267395,904.691406 619.266907,906.299377 
	C619.262512,921.791504 619.124695,937.285583 619.346008,952.774475 
	C619.402222,956.710327 618.316162,958.470093 614.429504,959.859985 
	C600.506714,964.838501 592.053650,978.792725 592.986755,994.213013 
	C593.834045,1008.214966 604.029114,1020.252869 618.764893,1024.067505 
M619.176270,259.883240 
	C619.176270,284.066132 619.176270,308.249054 619.176270,331.500610 
	C624.770874,331.500610 629.486694,331.500610 634.731812,331.500610 
	C634.731812,330.690216 634.731323,329.082672 634.731873,327.475159 
	C634.739075,307.013428 634.906372,286.549591 634.639160,266.091431 
	C634.573975,261.101074 635.790527,258.684875 640.830872,256.812531 
	C654.719177,251.653381 663.152954,237.547882 662.428040,222.424438 
	C661.727173,207.800232 652.238342,194.891006 638.546326,190.227386 
	C617.842896,183.440536 597.179321,194.083572 591.538818,214.439224 
	C585.897888,234.796097 598.001465,254.407928 619.176270,259.883240 
M943.210632,455.848022 
	C955.992493,466.393250 970.363770,467.973724 983.932861,460.326416 
	C998.068115,452.360046 1004.405212,435.455566 999.258545,419.903259 
	C994.248840,404.764648 979.209473,395.648132 963.157837,396.905365 
	C946.239380,398.602173 932.817627,412.972961 932.608215,430.224762 
	C932.558228,434.342682 931.164307,436.355835 927.744019,438.303253 
	C903.291748,452.225464 878.943054,466.330322 854.629822,480.494476 
	C852.957703,481.468628 850.815186,483.286133 850.650757,484.891632 
	C850.135010,489.926636 850.461121,495.047852 850.461121,501.007050 
	C880.230225,483.907440 909.192383,467.271393 938.352417,450.521637 
	C939.953674,452.192291 941.428162,453.730621 943.210632,455.848022 
M497.669983,347.813232 
	C521.912048,333.246613 546.165100,318.698242 570.365479,304.062653 
	C571.652710,303.284149 573.320923,301.823120 573.400757,300.588593 
	C573.739136,295.355103 573.544312,290.087128 573.544312,283.887207 
	C564.039368,289.560852 555.362366,294.700012 546.724731,299.904541 
	C529.066772,310.544281 511.430023,321.219208 493.108215,332.039429 
	C453.815948,355.583527 414.510193,379.105286 375.287170,402.764221 
	C373.906403,403.597107 372.566315,405.776062 372.531921,407.356537 
	C372.296143,418.183472 372.358704,429.018799 372.493347,439.849335 
	C372.509155,441.119873 373.201202,442.914795 374.176270,443.547913 
	C378.290497,446.219299 382.630768,448.542633 387.719696,451.471802 
	C387.719696,439.398804 387.579437,428.290253 387.856995,417.192139 
	C387.903564,415.329559 389.290039,412.740692 390.850586,411.791534 
	C409.487396,400.456207 428.305023,389.418793 447.012878,378.199310 
	C463.710754,368.185242 480.330750,358.041382 497.669983,347.813232 
M901.289124,762.893799 
	C910.074097,768.292603 918.764038,773.856140 927.690552,779.009705 
	C931.296387,781.091431 932.585388,783.243896 932.174988,787.628296 
	C930.673645,803.666992 939.265564,817.130493 953.840332,822.638916 
	C967.900635,827.952881 984.014832,823.487915 992.922180,811.809998 
	C1003.395996,798.078430 1002.222839,778.448608 990.223022,766.648499 
	C977.455383,754.093323 958.181946,752.949036 944.443604,764.472839 
	C940.783081,767.543274 938.458069,767.485168 934.697021,765.020569 
	C926.358887,759.556580 917.676758,754.617310 908.637573,749.032288 
	C905.783020,747.182922 902.959290,745.283813 900.068665,743.492676 
	C887.352722,735.613708 874.629333,727.746582 861.882080,719.918396 
	C858.158508,717.631653 854.347229,715.487854 850.061768,712.977173 
	C850.061768,718.829346 849.935669,723.814148 850.150635,728.784241 
	C850.204285,730.024536 851.041138,731.725952 852.053162,732.355957 
	C868.272644,742.453125 884.578979,752.410828 901.289124,762.893799 
M289.972198,824.619080 
	C309.967316,820.317505 321.505280,806.041504 319.754333,787.189880 
	C319.397156,783.344299 320.622528,781.680237 323.730682,779.810974 
	C349.563538,764.275330 375.277161,748.541321 400.997162,732.818726 
	C402.052124,732.173767 403.548218,731.080505 403.590057,730.140564 
	C403.836090,724.614929 403.711029,719.072876 403.711029,712.541321 
	C372.523621,731.591797 342.437042,749.969849 312.237213,768.417053 
	C310.861359,767.184753 309.634521,766.081482 308.402924,764.983459 
	C297.599823,755.352600 280.675323,753.782898 268.361816,761.268738 
	C254.497192,769.697388 248.462952,785.515198 253.178375,801.069580 
	C257.720642,816.052795 272.108856,825.528442 289.972198,824.619080 
M322.776398,454.626678 
	C349.561768,469.952850 376.347107,485.279053 403.815826,500.996246 
	C403.815826,495.571594 403.604950,491.243774 403.886169,486.948181 
	C404.091309,483.815247 402.820770,482.232788 400.191071,480.744019 
	C374.994690,466.478943 349.911804,452.013031 324.687103,437.798615 
	C321.249725,435.861633 319.902222,433.846344 319.875061,429.744080 
	C319.769073,413.725372 307.345428,399.741852 291.447723,397.074768 
	C275.177399,394.345215 259.441589,403.296509 253.851318,418.461487 
	C248.024094,434.269226 253.728806,451.249237 267.768097,459.884430 
	C281.777405,468.501282 300.374481,466.027710 311.176910,454.113831 
	C312.367096,452.801178 313.573212,451.502899 314.855103,450.107361 
	C317.537872,451.626740 319.842560,452.932007 322.776398,454.626678 
M877.880920,507.863739 
	C877.701904,518.651672 877.514893,529.439514 877.349670,540.227661 
	C877.310181,542.806702 877.343811,545.386780 877.343811,547.985779 
	C882.834473,547.985779 887.411560,547.985779 891.988770,547.985779 
	C891.988770,531.814514 891.988770,515.971008 891.988770,499.647552 
	C887.121338,502.402130 882.783142,504.857269 877.880920,507.863739 
M877.287903,669.493286 
	C877.287903,674.215515 877.287903,678.937805 877.287903,683.507568 
	C882.783081,683.507568 887.337769,683.507568 892.035034,683.507568 
	C892.035034,671.419373 892.035034,659.715515 892.035034,647.804993 
	C887.062500,647.804993 882.364075,647.804993 877.289307,647.804993 
	C877.289307,654.938843 877.289307,661.717102 877.287903,669.493286 
M376.250824,649.303833 
	C371.649506,645.306580 366.530884,648.252625 361.618011,647.502502 
	C361.618011,659.929382 361.618011,671.641296 361.618011,683.605713 
	C366.522736,683.605713 371.092957,683.605713 376.271576,683.605713 
	C376.271576,672.331177 376.271576,661.252869 376.250824,649.303833 
M890.109619,616.051758 
	C890.850891,615.409363 892.230408,614.774658 892.238342,614.123352 
	C892.371460,603.186707 892.333435,592.247925 892.333435,581.160278 
	C887.184937,581.160278 882.581299,581.160278 877.624756,581.160278 
	C877.624756,592.756165 877.624756,604.137390 877.624756,616.055664 
	C881.635071,616.055664 885.411377,616.055664 890.109619,616.051758 
M361.242645,592.526123 
	C361.242645,600.290344 361.242645,608.054626 361.242645,615.746155 
	C366.618164,615.746155 371.211151,615.746155 375.871552,615.746155 
	C375.871552,604.015259 375.871552,592.630310 375.871552,581.274597 
	C370.889923,581.274597 366.325043,581.274597 361.243195,581.274597 
	C361.243195,584.931335 361.243195,588.234192 361.242645,592.526123 
z"/>
<path fill="#7436EF" opacity="1.000000" stroke="none" 
	d="
M437.551880,736.160156 
	C431.074005,731.610352 426.449524,726.913574 426.502197,717.509521 
	C426.943604,638.704163 426.793060,559.895203 426.661011,481.087616 
	C426.654053,476.927795 427.783875,474.592072 431.433899,472.414703 
	C451.452423,460.472809 471.283447,448.216522 491.912842,436.024231 
	C494.134979,436.732391 496.050903,437.124298 497.039032,438.297607 
	C501.950989,444.129944 505.472900,450.652008 505.586121,458.526917 
	C505.486664,458.518036 505.353912,458.371765 505.043518,458.384583 
	C504.533508,458.740295 504.333862,459.083191 503.923065,459.675812 
	C487.655212,469.684692 471.677887,479.579071 455.476837,489.092529 
	C452.116180,491.065918 451.015472,493.076416 451.024139,496.876007 
	C451.149384,551.609680 451.119354,606.343628 451.097931,661.077515 
	C451.093262,673.051514 450.976898,685.025574 450.523438,697.100098 
	C449.820831,703.792847 449.388336,710.384766 449.373474,716.977600 
	C449.371979,717.646790 451.884735,718.321655 453.407532,719.045654 
	C453.807037,719.229797 453.953094,719.420837 454.038574,720.041260 
	C454.643097,721.718933 455.231567,723.025757 455.914520,724.542358 
	C455.092499,725.041626 454.260101,725.933228 453.789520,725.771606 
	C450.173767,724.529358 447.942902,726.512573 445.638214,728.786865 
	C443.043884,731.347046 440.255737,733.710876 437.551880,736.160156 
z"/>
<path fill="#3094F8" opacity="1.000000" stroke="none" 
	d="
M795.173340,757.420532 
	C787.478027,764.166016 779.769714,770.896729 772.092224,777.662476 
	C767.333679,781.855713 762.621704,786.101868 757.509460,790.062622 
	C757.682312,787.788818 758.353882,785.800781 758.765137,783.760315 
	C760.238953,776.448730 763.070251,769.088806 758.556274,762.263428 
	C759.408997,759.937500 760.168884,757.864685 761.066406,755.491211 
	C774.306396,742.903503 787.476501,730.686890 800.422180,718.237000 
	C801.978699,716.740173 803.105103,713.980225 803.109253,711.803223 
	C803.249268,638.204407 803.229065,564.605225 803.607666,491.124481 
	C804.322144,493.115814 804.953125,494.988190 804.956665,496.861725 
	C805.018311,529.678894 804.949646,562.496521 805.067871,595.313416 
	C805.083984,599.772583 805.951843,604.228699 806.425293,608.686218 
	C806.903503,608.724609 807.381653,608.762939 807.859863,608.801331 
	C817.328430,594.156616 826.460815,579.384949 824.713928,560.426025 
	C825.699707,561.416504 825.987244,562.173828 825.980713,562.928589 
	C825.675781,598.201721 825.619446,633.480591 824.854004,668.744080 
	C824.618713,679.584045 822.674011,690.417969 821.035828,701.182129 
	C820.325012,705.852539 817.738403,710.265625 817.223938,714.930115 
	C816.666992,719.980042 816.447388,724.524902 813.368591,729.195312 
	C809.643250,734.846680 807.722534,741.687744 805.020874,748.013916 
	C803.859314,749.250061 802.697693,750.486206 800.880493,751.866821 
	C798.541077,753.814453 796.857239,755.617493 795.173340,757.420532 
z"/>
<path fill="#7239EE" opacity="1.000000" stroke="none" 
	d="
M289.534943,824.671997 
	C272.108856,825.528442 257.720642,816.052795 253.178375,801.069580 
	C248.462952,785.515198 254.497192,769.697388 268.361816,761.268738 
	C280.675323,753.782898 297.599823,755.352600 308.402924,764.983459 
	C309.634521,766.081482 310.861359,767.184753 312.237213,768.417053 
	C342.437042,749.969849 372.523621,731.591797 403.711029,712.541321 
	C403.711029,719.072876 403.836090,724.614929 403.590057,730.140564 
	C403.548218,731.080505 402.052124,732.173767 400.997162,732.818726 
	C375.277161,748.541321 349.563538,764.275330 323.730682,779.810974 
	C320.622528,781.680237 319.397156,783.344299 319.754333,787.189880 
	C321.505280,806.041504 309.967316,820.317505 289.534943,824.671997 
M275.850464,806.859985 
	C283.506714,811.136414 290.996063,810.554382 297.833618,805.349976 
	C304.105286,800.576233 306.285339,793.847290 304.586578,786.202271 
	C302.911835,778.665405 297.831360,774.117859 290.472412,772.209778 
	C281.846558,769.973145 272.401886,774.369263 268.566895,782.207886 
	C264.379120,790.767639 266.814758,799.652161 275.850464,806.859985 
z"/>
<path fill="#7436EF" opacity="1.000000" stroke="none" 
	d="
M322.461823,454.432007 
	C319.842560,452.932007 317.537872,451.626740 314.855103,450.107361 
	C313.573212,451.502899 312.367096,452.801178 311.176910,454.113831 
	C300.374481,466.027710 281.777405,468.501282 267.768097,459.884430 
	C253.728806,451.249237 248.024094,434.269226 253.851318,418.461487 
	C259.441589,403.296509 275.177399,394.345215 291.447723,397.074768 
	C307.345428,399.741852 319.769073,413.725372 319.875061,429.744080 
	C319.902222,433.846344 321.249725,435.861633 324.687103,437.798615 
	C349.911804,452.013031 374.994690,466.478943 400.191071,480.744019 
	C402.820770,482.232788 404.091309,483.815247 403.886169,486.948181 
	C403.604950,491.243774 403.815826,495.571594 403.815826,500.996246 
	C376.347107,485.279053 349.561768,469.952850 322.461823,454.432007 
M274.817627,415.153900 
	C266.836273,421.841400 264.457855,430.850952 268.494598,439.106140 
	C272.287140,446.861969 280.989807,451.434418 289.154327,449.694946 
	C297.137634,447.994019 302.687897,443.431793 304.465820,435.186432 
	C306.165222,427.305206 303.904449,420.622620 297.374878,415.782471 
	C290.389069,410.604187 282.983795,410.347137 274.817627,415.153900 
z"/>
<path fill="#3D90F7" opacity="1.000000" stroke="none" 
	d="
M805.332275,747.900818 
	C807.722534,741.687744 809.643250,734.846680 813.368591,729.195312 
	C816.447388,724.524902 816.666992,719.980042 817.223938,714.930115 
	C817.738403,710.265625 820.325012,705.852539 821.035828,701.182129 
	C822.674011,690.417969 824.618713,679.584045 824.854004,668.744080 
	C825.619446,633.480591 825.675781,598.201721 825.980713,562.928589 
	C825.987244,562.173828 825.699707,561.416504 824.713928,560.426025 
	C826.460815,579.384949 817.328430,594.156616 807.859863,608.801331 
	C807.381653,608.762939 806.903503,608.724609 806.425293,608.686218 
	C805.951843,604.228699 805.083984,599.772583 805.067871,595.313416 
	C804.949646,562.496521 805.018311,529.678894 804.956665,496.861725 
	C804.953125,494.988190 804.322144,493.115814 803.360474,490.963135 
	C802.137329,490.197296 801.536926,489.711212 800.955444,488.828522 
	C801.509277,486.932281 801.695862,485.148499 802.644043,483.985779 
	C805.566406,480.402405 808.954468,477.193512 811.807129,473.560791 
	C813.254272,471.718048 813.939880,469.277344 814.969849,467.106964 
	C817.900696,468.825012 820.765747,470.670532 823.780884,472.225037 
	C826.760925,473.761353 827.866394,475.808319 827.859436,479.320282 
	C827.713745,552.787476 827.715881,626.254944 827.687622,699.722351 
	C827.686523,702.554443 827.225098,705.471008 827.741211,708.204163 
	C830.166016,721.044312 825.105774,730.580200 815.329529,738.412659 
	C811.838257,741.209839 808.857422,744.644226 805.332275,747.900818 
z"/>
<path fill="#20AAF9" opacity="1.000000" stroke="none" 
	d="
M909.134888,749.464050 
	C917.676758,754.617310 926.358887,759.556580 934.697021,765.020569 
	C938.458069,767.485168 940.783081,767.543274 944.443604,764.472839 
	C958.181946,752.949036 977.455383,754.093323 990.223022,766.648499 
	C1002.222839,778.448608 1003.395996,798.078430 992.922180,811.809998 
	C984.014832,823.487915 967.900635,827.952881 953.840332,822.638916 
	C939.265564,817.130493 930.673645,803.666992 932.174988,787.628296 
	C932.585388,783.243896 931.296387,781.091431 927.690552,779.009705 
	C918.764038,773.856140 910.074097,768.292603 901.113220,762.233887 
	C901.854126,759.757935 902.580933,757.809204 903.733276,756.157349 
	C905.369629,753.811707 907.319153,751.684570 909.134888,749.464050 
M952.567017,777.057068 
	C946.428772,784.067505 945.091797,791.851013 948.775269,799.132629 
	C952.263367,806.028259 960.331970,810.463623 967.745117,809.560608 
	C976.138794,808.538208 982.410278,803.202393 984.518921,795.289062 
	C986.516113,787.794067 983.475891,779.394226 977.163879,774.967407 
	C970.077393,769.997437 961.366333,770.568665 952.567017,777.057068 
z"/>
<path fill="#7239EE" opacity="1.000000" stroke="none" 
	d="
M496.985107,347.954773 
	C480.330750,358.041382 463.710754,368.185242 447.012878,378.199310 
	C428.305023,389.418793 409.487396,400.456207 390.850586,411.791534 
	C389.290039,412.740692 387.903564,415.329559 387.856995,417.192139 
	C387.579437,428.290253 387.719696,439.398804 387.719696,451.471802 
	C382.630768,448.542633 378.290497,446.219299 374.176270,443.547913 
	C373.201202,442.914795 372.509155,441.119873 372.493347,439.849335 
	C372.358704,429.018799 372.296143,418.183472 372.531921,407.356537 
	C372.566315,405.776062 373.906403,403.597107 375.287170,402.764221 
	C414.510193,379.105286 453.815948,355.583527 493.738098,332.184052 
	C494.379822,335.076599 494.060638,337.878723 494.499237,340.556763 
	C494.914185,343.090515 496.124542,345.493988 496.985107,347.954773 
z"/>
<path fill="#2C98F7" opacity="1.000000" stroke="none" 
	d="
M942.902649,455.268982 
	C941.428162,453.730621 939.953674,452.192291 938.352417,450.521637 
	C909.192383,467.271393 880.230225,483.907440 850.461121,501.007050 
	C850.461121,495.047852 850.135010,489.926636 850.650757,484.891632 
	C850.815186,483.286133 852.957703,481.468628 854.629822,480.494476 
	C878.943054,466.330322 903.291748,452.225464 927.744019,438.303253 
	C931.164307,436.355835 932.558228,434.342682 932.608215,430.224762 
	C932.817627,412.972961 946.239380,398.602173 963.817505,397.223450 
	C968.067078,399.301300 971.759216,400.881989 975.223206,402.861847 
	C980.690552,405.986786 976.011169,410.077057 975.641235,413.638611 
	C970.737610,413.204132 965.929810,411.729919 961.715698,412.737946 
	C949.813538,415.584808 945.131592,426.823578 949.310059,440.527527 
	C947.668518,445.945648 948.268921,451.902039 942.902649,455.268982 
z"/>
<path fill="#6453EF" opacity="1.000000" stroke="none" 
	d="
M639.100220,190.687836 
	C652.238342,194.891006 661.727173,207.800232 662.428040,222.424438 
	C663.152954,237.547882 654.719177,251.653381 640.830872,256.812531 
	C635.790527,258.684875 634.573975,261.101074 634.639160,266.091431 
	C634.906372,286.549591 634.739075,307.013428 634.731873,327.475159 
	C634.731323,329.082672 634.731812,330.690216 634.731812,331.500610 
	C629.486694,331.500610 624.770874,331.500610 619.176270,331.500610 
	C619.176270,308.249054 619.176270,284.066132 619.089355,258.990051 
	C618.899231,256.287323 619.481995,253.940262 618.564209,252.769150 
	C615.809998,249.254776 617.815857,247.133331 620.426880,244.882538 
	C621.526489,244.924759 622.260437,244.919113 623.028809,245.217010 
	C623.456421,245.871475 623.849792,246.222382 624.243103,246.573303 
	C624.493774,246.063095 624.744446,245.552902 625.397705,244.974625 
	C638.435181,244.023010 646.654297,236.331558 646.951355,224.863693 
	C647.186340,215.792084 642.511108,209.547531 635.107788,204.783066 
	C636.532288,199.860504 637.816284,195.274170 639.100220,190.687836 
z"/>
<path fill="#477AF3" opacity="1.000000" stroke="none" 
	d="
M617.995361,1023.741882 
	C604.029114,1020.252869 593.834045,1008.214966 592.986755,994.213013 
	C592.053650,978.792725 600.506714,964.838501 614.429504,959.859985 
	C618.316162,958.470093 619.402222,956.710327 619.346008,952.774475 
	C619.124695,937.285583 619.262512,921.791504 619.266907,906.299377 
	C619.267395,904.691406 619.266968,903.083496 619.266968,900.795105 
	C622.296021,902.214478 624.600220,904.081543 626.976318,904.178101 
	C629.190125,904.268127 631.480530,902.474304 634.172302,901.323792 
	C634.313110,902.632019 634.557983,903.858337 634.560059,905.085083 
	C634.585571,920.244019 634.783386,935.407471 634.460327,950.559509 
	C634.349487,955.758667 635.004150,959.653320 640.962402,961.506714 
	C640.490417,964.870544 639.856689,967.510742 639.251587,970.157410 
	C638.788452,972.183350 638.361633,974.217590 637.572144,976.128052 
	C626.878906,969.747437 615.175720,972.330627 610.155823,982.000671 
	C606.414795,989.207214 606.223572,1001.549744 618.004150,1008.728516 
	C617.999756,1014.067444 617.997559,1018.904663 617.995361,1023.741882 
z"/>
<path fill="#723CF0" opacity="1.000000" stroke="none" 
	d="
M437.725464,736.459961 
	C440.255737,733.710876 443.043884,731.347046 445.638214,728.786865 
	C447.942902,726.512573 450.173767,724.529358 453.789520,725.771606 
	C454.260101,725.933228 455.092499,725.041626 455.914520,724.542358 
	C455.231567,723.025757 454.643097,721.718933 454.395142,720.115540 
	C455.575836,720.305420 456.526428,720.666748 457.240173,721.296448 
	C474.505676,736.527832 491.745911,751.787903 508.840363,767.339966 
	C504.643372,773.293335 500.644531,778.985046 496.496521,784.565857 
	C495.901306,785.366638 494.586182,785.632385 493.604248,786.145752 
	C477.424652,771.977173 461.232391,757.823059 445.078949,743.624817 
	C442.594025,741.440735 440.287872,739.053223 437.725464,736.459961 
z"/>
<path fill="#279EF8" opacity="1.000000" stroke="none" 
	d="
M802.862488,833.952515 
	C821.676697,822.300781 840.386597,810.474731 859.378479,799.120178 
	C864.108276,796.292419 866.177490,793.324646 865.767090,787.725952 
	C865.224182,780.321045 865.633484,772.846313 865.633484,764.523804 
	C870.677917,767.426941 875.024536,769.750366 879.140564,772.428162 
	C880.114075,773.061462 880.772705,774.878113 880.793518,776.163086 
	C880.931396,784.657654 881.027588,793.162109 880.704346,801.646912 
	C880.639771,803.341553 879.095520,805.588806 877.580566,806.528259 
	C853.670288,821.356079 829.653076,836.011536 805.330322,850.413208 
	C805.519592,848.832764 805.966248,847.510315 806.572937,846.265930 
	C807.936829,843.468567 809.380127,840.709900 810.791016,837.935425 
	C808.148193,836.607788 805.505371,835.280151 802.862488,833.952515 
z"/>
<path fill="#398CF6" opacity="1.000000" stroke="none" 
	d="
M760.928772,755.791809 
	C760.168884,757.864685 759.408997,759.937500 758.556274,762.263428 
	C763.070251,769.088806 760.238953,776.448730 758.765137,783.760315 
	C758.353882,785.800781 757.682312,787.788818 757.194336,790.250000 
	C742.635864,802.148560 728.013489,813.598572 713.389526,825.046387 
	C712.505737,825.738281 711.608582,826.412903 710.395386,826.857056 
	C710.595093,821.611694 711.450317,816.610901 711.541626,811.596191 
	C711.626465,806.941162 714.347290,801.739807 709.722595,797.488159 
	C726.933838,783.405334 743.931274,769.598572 760.928772,755.791809 
z"/>
<path fill="#6C41EE" opacity="1.000000" stroke="none" 
	d="
M497.327515,347.884003 
	C496.124542,345.493988 494.914185,343.090515 494.499237,340.556763 
	C494.060638,337.878723 494.379822,335.076599 494.076263,332.104156 
	C511.430023,321.219208 529.066772,310.544281 546.724731,299.904541 
	C555.362366,294.700012 564.039368,289.560852 573.544312,283.887207 
	C573.544312,290.087128 573.739136,295.355103 573.400757,300.588593 
	C573.320923,301.823120 571.652710,303.284149 570.365479,304.062653 
	C546.165100,318.698242 521.912048,333.246613 497.327515,347.884003 
z"/>
<path fill="#279EF8" opacity="1.000000" stroke="none" 
	d="
M943.056641,455.558533 
	C948.268921,451.902039 947.668518,445.945648 949.515991,440.837769 
	C954.199036,447.695587 962.935486,451.392822 970.786987,449.486633 
	C978.807495,447.539398 984.003235,442.497986 985.568909,434.406891 
	C987.309753,425.410980 983.635559,418.571899 976.007996,413.732086 
	C976.011169,410.077057 980.690552,405.986786 975.223206,402.861847 
	C971.759216,400.881989 968.067078,399.301300 964.235352,397.264923 
	C979.209473,395.648132 994.248840,404.764648 999.258545,419.903259 
	C1004.405212,435.455566 998.068115,452.360046 983.932861,460.326416 
	C970.363770,467.973724 955.992493,466.393250 943.056641,455.558533 
z"/>
<path fill="#6453EF" opacity="1.000000" stroke="none" 
	d="
M583.945679,378.873901 
	C597.734253,370.279541 611.493958,361.637848 625.368408,353.184387 
	C626.432190,352.536255 628.472168,352.822113 629.764404,353.368866 
	C631.878418,354.263245 633.750549,355.729309 635.904419,357.617310 
	C633.390991,366.731689 630.697815,375.182983 627.648315,383.724487 
	C616.190063,390.612885 605.105042,397.439087 593.965942,404.175690 
	C592.473450,405.078278 590.707275,405.528107 589.049194,405.782257 
	C588.351746,403.412537 587.581055,401.474304 587.012878,399.478394 
	C585.792358,395.190430 584.406738,390.921051 583.622375,386.548370 
	C583.181152,384.088684 583.802856,381.438354 583.945679,378.873901 
z"/>
<path fill="#6946F0" opacity="1.000000" stroke="none" 
	d="
M638.823303,190.457611 
	C637.816284,195.274170 636.532288,199.860504 634.691284,204.725189 
	C622.100464,201.333176 611.528198,205.730591 607.170654,216.218842 
	C602.892212,226.516602 607.309753,237.128098 618.349060,243.187225 
	C619.019287,243.555115 619.495056,244.277344 620.061279,244.834686 
	C617.815857,247.133331 615.809998,249.254776 618.564209,252.769150 
	C619.481995,253.940262 618.899231,256.287323 619.006104,258.524048 
	C598.001465,254.407928 585.897888,234.796097 591.538818,214.439224 
	C597.179321,194.083572 617.842896,183.440536 638.823303,190.457611 
z"/>
<path fill="#398CF6" opacity="1.000000" stroke="none" 
	d="
M756.055054,880.148804 
	C748.087219,885.224182 740.194580,890.422485 732.136108,895.349609 
	C714.961914,905.850098 697.701782,916.209900 679.599304,927.158142 
	C679.599304,920.821838 679.402466,915.266296 679.757996,909.746338 
	C679.833191,908.579895 681.781494,907.300293 683.117859,906.483948 
	C704.140503,893.641663 725.204224,880.866638 746.828796,868.261108 
	C755.190735,870.502075 754.259216,868.253235 756.055054,880.148804 
z"/>
<path fill="#4181F5" opacity="1.000000" stroke="none" 
	d="
M814.762573,466.839905 
	C813.939880,469.277344 813.254272,471.718048 811.807129,473.560791 
	C808.954468,477.193512 805.566406,480.402405 802.644043,483.985779 
	C801.695862,485.148499 801.509277,486.932281 800.615112,488.731384 
	C785.116516,479.711761 769.977051,470.392670 755.151611,460.930420 
	C762.612549,455.079895 766.166870,447.152313 769.048340,438.808899 
	C784.217346,448.063538 799.386414,457.318207 814.762573,466.839905 
z"/>
<path fill="#4181F5" opacity="1.000000" stroke="none" 
	d="
M709.508789,797.764282 
	C714.347290,801.739807 711.626465,806.941162 711.541626,811.596191 
	C711.450317,816.610901 710.595093,821.611694 710.112671,827.082031 
	C695.363586,837.719360 680.575012,847.893250 665.405640,857.686096 
	C664.710205,854.707031 663.390564,851.690491 664.266052,849.588013 
	C667.084534,842.819580 665.875671,836.211060 665.030273,829.256042 
	C680.000671,818.603210 694.754761,808.183777 709.508789,797.764282 
z"/>
<path fill="#723CF0" opacity="1.000000" stroke="none" 
	d="
M505.685547,458.535797 
	C505.472900,450.652008 501.950989,444.129944 497.039032,438.297607 
	C496.050903,437.124298 494.134979,436.732391 492.252014,435.962280 
	C504.053497,428.260345 516.244202,420.567505 528.449402,412.897705 
	C532.227905,410.523224 536.045898,408.211517 540.501160,406.004517 
	C539.126404,411.229126 541.579773,414.869324 544.280701,419.067596 
	C545.933899,421.637451 545.181580,425.831543 545.264893,429.302002 
	C545.306091,431.016144 544.793396,432.743561 544.463989,434.451172 
	C544.396667,434.437347 544.308105,434.335175 544.041992,434.307251 
	C543.518433,434.508362 543.261047,434.737457 542.698975,435.117035 
	C541.701294,435.951599 541.107971,436.797241 540.300354,437.295441 
	C528.779053,444.403076 517.228821,451.463776 505.685547,458.535797 
z"/>
<path fill="#6946F0" opacity="1.000000" stroke="none" 
	d="
M544.531250,434.464935 
	C544.793396,432.743561 545.306091,431.016144 545.264893,429.302002 
	C545.181580,425.831543 545.933899,421.637451 544.280701,419.067596 
	C541.579773,414.869324 539.126404,411.229126 540.838989,405.957520 
	C554.756653,396.826172 568.991760,387.875244 583.586304,378.899109 
	C583.802856,381.438354 583.181152,384.088684 583.622375,386.548370 
	C584.406738,390.921051 585.792358,395.190430 587.012878,399.478394 
	C587.581055,401.474304 588.351746,403.412537 588.890930,406.084290 
	C574.011230,416.016113 559.271240,425.240509 544.531250,434.464935 
z"/>
<path fill="#477AF3" opacity="1.000000" stroke="none" 
	d="
M664.813965,829.489380 
	C665.875671,836.211060 667.084534,842.819580 664.266052,849.588013 
	C663.390564,851.690491 664.710205,854.707031 665.042114,857.742676 
	C662.743347,859.969910 660.539124,861.932007 658.091675,863.518921 
	C647.979492,870.075562 637.793701,876.518433 627.548157,883.058411 
	C624.081299,880.726196 620.795959,878.516113 617.257263,875.666504 
	C617.522766,872.648071 617.858459,870.210388 618.596985,867.901672 
	C620.347534,862.429260 622.289185,857.018066 624.506348,851.719971 
	C626.914856,851.728577 629.417969,852.315796 630.954956,851.355896 
	C642.349243,844.239990 653.551453,836.816345 664.813965,829.489380 
z"/>
<path fill="#723CF0" opacity="1.000000" stroke="none" 
	d="
M416.825562,831.085205 
	C402.722107,822.643250 388.596802,814.237244 374.560028,805.685974 
	C373.521118,805.053101 372.539398,803.386719 372.514099,802.180176 
	C372.332764,793.536804 372.351868,784.887329 372.463745,776.241882 
	C372.478607,775.092468 373.053101,773.461060 373.918915,772.895142 
	C378.058594,770.189514 382.388031,767.774292 387.625885,764.679260 
	C387.625885,772.297913 388.205444,779.073181 387.469208,785.702271 
	C386.670898,792.890564 389.455933,796.747070 395.613342,800.091125 
	C406.553131,806.032349 416.999084,812.882874 427.833801,820.025269 
	C426.918945,822.664246 426.227753,825.100159 424.627106,826.484863 
	C422.380981,828.427979 419.458649,829.589417 416.825562,831.085205 
z"/>
<path fill="#664CF1" opacity="1.000000" stroke="none" 
	d="
M493.794373,786.436401 
	C494.586182,785.632385 495.901306,785.366638 496.496521,784.565857 
	C500.644531,778.985046 504.643372,773.293335 509.153839,767.455811 
	C522.410461,777.583435 535.203308,787.892395 547.996216,798.584961 
	C546.231140,804.513672 545.604248,810.582520 539.708313,813.996094 
	C537.801147,815.100342 536.542419,817.324463 534.987061,819.036316 
	C521.319519,808.266602 507.652008,797.496887 493.794373,786.436401 
z"/>
<path fill="#5A5CF1" opacity="1.000000" stroke="none" 
	d="
M535.186523,819.300415 
	C536.542419,817.324463 537.801147,815.100342 539.708313,813.996094 
	C545.604248,810.582520 546.231140,804.513672 548.305542,798.698669 
	C549.958313,799.595093 551.215942,800.881958 552.658630,801.908875 
	C565.147827,810.799011 577.670288,819.642395 590.135559,828.921509 
	C588.334595,833.120972 586.729004,836.976868 584.783691,840.653076 
	C583.003113,844.018005 580.855530,847.188843 578.869751,850.445251 
	C564.375122,840.151672 549.880554,829.858032 535.186523,819.300415 
z"/>
<path fill="#4974F3" opacity="1.000000" stroke="none" 
	d="
M768.849487,438.544861 
	C766.166870,447.152313 762.612549,455.079895 754.801270,460.922852 
	C751.489014,459.379333 748.856689,457.674927 746.190430,456.025543 
	C735.454956,449.384460 724.708984,442.760315 714.006104,435.773438 
	C719.236450,429.659637 724.452759,423.924530 729.588440,418.118164 
	C730.268005,417.349915 730.537292,416.218719 730.996582,415.255615 
	C743.547974,422.930695 756.099304,430.605743 768.849487,438.544861 
z"/>
<path fill="#4181F5" opacity="1.000000" stroke="none" 
	d="
M618.380127,1023.904663 
	C617.997559,1018.904663 617.999756,1014.067444 618.417358,1008.862244 
	C625.176697,1010.871277 631.312500,1010.539368 636.912415,1006.591797 
	C647.063721,999.435974 647.430542,986.646667 637.918640,976.248108 
	C638.361633,974.217590 638.788452,972.183350 639.251587,970.157410 
	C639.856689,967.510742 640.490417,964.870544 641.180847,961.756714 
	C655.905334,968.142822 663.361206,986.860229 657.771790,1002.763000 
	C652.087219,1018.936462 635.586975,1027.948486 618.380127,1023.904663 
z"/>
<path fill="#506CF2" opacity="1.000000" stroke="none" 
	d="
M738.981873,336.078156 
	C727.536316,329.302856 716.084656,322.537903 704.647522,315.748383 
	C697.921326,311.755432 691.191650,307.766907 684.530029,303.668274 
	C683.352661,302.943909 681.695862,301.730835 681.637939,300.668396 
	C681.343384,295.264130 681.502136,289.835205 681.502136,283.401550 
	C695.483215,291.736938 708.483093,299.406036 721.394775,307.220947 
	C727.484497,310.906799 733.404846,314.872314 739.702515,319.309143 
	C739.820496,322.519989 740.612732,326.592407 739.279785,327.482574 
	C734.540344,330.647705 736.989258,333.178406 738.981873,336.078156 
z"/>
<path fill="#4974F3" opacity="1.000000" stroke="none" 
	d="
M739.175415,336.347961 
	C736.989258,333.178406 734.540344,330.647705 739.279785,327.482574 
	C740.612732,326.592407 739.820496,322.519989 740.003967,319.462463 
	C748.731567,324.025024 757.521667,328.925568 766.167847,334.068268 
	C775.708252,339.742828 785.116455,345.639526 794.827393,352.052612 
	C797.479675,356.071838 796.744690,359.129822 793.774841,361.656464 
	C791.644897,363.468567 790.788025,365.394592 791.995056,368.022339 
	C777.137268,359.216980 762.274719,350.419556 747.425903,341.599030 
	C744.711731,339.986725 742.053162,338.280609 739.175415,336.347961 
z"/>
<path fill="#6058F1" opacity="1.000000" stroke="none" 
	d="
M628.004578,383.634247 
	C630.697815,375.182983 633.390991,366.731689 636.136780,357.841370 
	C647.696350,364.311554 659.203369,371.220764 670.879150,378.794678 
	C668.566467,384.266785 666.636414,389.492279 663.416138,393.739502 
	C661.146973,396.732178 659.537170,399.347321 659.639160,402.999573 
	C648.864075,396.505219 638.434326,390.069733 628.004578,383.634247 
z"/>
<path fill="#506CF2" opacity="1.000000" stroke="none" 
	d="
M579.070679,850.699768 
	C580.855530,847.188843 583.003113,844.018005 584.783691,840.653076 
	C586.729004,836.976868 588.334595,833.120972 590.457520,829.071411 
	C601.935730,836.393738 613.044678,843.987915 624.153687,851.582153 
	C622.289185,857.018066 620.347534,862.429260 618.596985,867.901672 
	C617.858459,870.210388 617.522766,872.648071 617.005127,875.435669 
	C606.312805,868.820984 595.616882,861.801392 584.927917,854.771301 
	C583.027649,853.521484 581.156311,852.227722 579.070679,850.699768 
z"/>
<path fill="#3094F8" opacity="1.000000" stroke="none" 
	d="
M856.318420,388.859436 
	C864.175171,393.516693 872.080933,398.095245 879.834595,402.918243 
	C880.964844,403.621307 881.990417,405.481873 882.011108,406.823151 
	C882.180847,417.805542 882.137878,428.792145 882.042847,439.776428 
	C882.032654,440.953674 881.632446,442.660889 880.807068,443.208191 
	C876.570557,446.017639 872.135803,448.527985 867.027039,451.587982 
	C867.027039,439.885132 866.869812,429.130127 867.115662,418.384338 
	C867.197327,414.814117 866.307373,412.658234 863.023254,410.898682 
	C857.022583,407.683624 851.311584,403.927887 845.246948,399.764587 
	C845.538635,397.822052 845.842407,396.357574 846.631653,395.234039 
	C848.495728,392.580261 850.590942,390.088715 852.592712,387.531555 
	C852.939026,387.600861 853.140259,387.809784 853.744141,388.504822 
	C854.967529,388.854004 855.642944,388.856720 856.318420,388.859436 
z"/>
<path fill="#279EF8" opacity="1.000000" stroke="none" 
	d="
M908.886230,749.248169 
	C907.319153,751.684570 905.369629,753.811707 903.733276,756.157349 
	C902.580933,757.809204 901.854126,759.757935 900.901428,761.987183 
	C884.578979,752.410828 868.272644,742.453125 852.053162,732.355957 
	C851.041138,731.725952 850.204285,730.024536 850.150635,728.784241 
	C849.935669,723.814148 850.061768,718.829346 850.061768,712.977173 
	C854.347229,715.487854 858.158508,717.631653 861.882080,719.918396 
	C874.629333,727.746582 887.352722,735.613708 900.068665,743.492676 
	C902.959290,745.283813 905.783020,747.182922 908.886230,749.248169 
z"/>
<path fill="#3094F8" opacity="1.000000" stroke="none" 
	d="
M756.386230,880.006958 
	C754.259216,868.253235 755.190735,870.502075 747.160034,868.144165 
	C765.342468,856.588989 783.764038,845.335632 802.524048,834.017395 
	C805.505371,835.280151 808.148193,836.607788 810.791016,837.935425 
	C809.380127,840.709900 807.936829,843.468567 806.572937,846.265930 
	C805.966248,847.510315 805.519592,848.832764 804.997925,850.497314 
	C788.902832,860.538269 772.810120,870.201721 756.386230,880.006958 
z"/>
<path fill="#4181F5" opacity="1.000000" stroke="none" 
	d="
M852.493164,387.291992 
	C850.590942,390.088715 848.495728,392.580261 846.631653,395.234039 
	C845.842407,396.357574 845.538635,397.822052 845.023071,399.509613 
	C827.486023,389.445282 809.940125,379.002899 792.194641,368.291443 
	C790.788025,365.394592 791.644897,363.468567 793.774841,361.656464 
	C796.744690,359.129822 797.479675,356.071838 795.041504,352.310944 
	C812.470825,362.609253 829.932190,373.260712 847.389771,383.918213 
	C849.069519,384.943665 850.726257,386.006775 852.493164,387.291992 
z"/>
<path fill="#506CF2" opacity="1.000000" stroke="none" 
	d="
M730.732422,415.022247 
	C730.537292,416.218719 730.268005,417.349915 729.588440,418.118164 
	C724.452759,423.924530 719.236450,429.659637 713.662292,435.694885 
	C703.863831,430.033417 694.448486,424.094025 685.027832,417.722443 
	C685.861267,415.833130 686.563354,414.273804 687.562622,412.936615 
	C691.711365,407.385162 697.213501,402.643097 697.993103,395.121643 
	C708.818176,401.677399 719.643250,408.233154 730.732422,415.022247 
z"/>
<path fill="#6453EF" opacity="1.000000" stroke="none" 
	d="
M469.987732,845.308411 
	C483.873688,853.664917 497.759674,862.021362 511.819763,871.067932 
	C510.612762,876.662231 509.231659,881.566345 507.850525,886.470520 
	C492.882812,877.436218 477.915039,868.401978 462.898010,858.665771 
	C463.871155,856.202454 464.912994,854.451904 465.911316,852.676941 
	C467.287354,850.230469 468.630463,847.765442 469.987732,845.308411 
z"/>
<path fill="#5A5CF1" opacity="1.000000" stroke="none" 
	d="
M697.754761,394.875244 
	C697.213501,402.643097 691.711365,407.385162 687.562622,412.936615 
	C686.563354,414.273804 685.861267,415.833130 684.634644,417.592773 
	C676.159424,412.949677 668.071960,408.004028 659.984558,403.058411 
	C659.537170,399.347321 661.146973,396.732178 663.416138,393.739502 
	C666.636414,389.492279 668.566467,384.266785 671.085571,379.050476 
	C679.920959,383.970703 688.718689,389.299774 697.754761,394.875244 
z"/>
<path fill="#6C41EE" opacity="1.000000" stroke="none" 
	d="
M469.717346,845.082764 
	C468.630463,847.765442 467.287354,850.230469 465.911316,852.676941 
	C464.912994,854.451904 463.871155,856.202454 462.739014,858.393738 
	C450.177521,851.389282 437.723267,843.959045 425.275879,836.517395 
	C422.585114,834.908752 419.919006,833.258911 417.033569,831.356689 
	C419.458649,829.589417 422.380981,828.427979 424.627106,826.484863 
	C426.227753,825.100159 426.918945,822.664246 428.028870,820.295898 
	C441.843506,828.215332 455.645233,836.536255 469.717346,845.082764 
z"/>
<path fill="#2C98F7" opacity="1.000000" stroke="none" 
	d="
M878.162903,507.588074 
	C882.783142,504.857269 887.121338,502.402130 891.988770,499.647552 
	C891.988770,515.971008 891.988770,531.814514 891.988770,547.985779 
	C887.411560,547.985779 882.834473,547.985779 877.343811,547.985779 
	C877.343811,545.386780 877.310181,542.806702 877.349670,540.227661 
	C877.514893,529.439514 877.701904,518.651672 878.162903,507.588074 
z"/>
<path fill="#5A5CF1" opacity="1.000000" stroke="none" 
	d="
M508.057007,886.713928 
	C509.231659,881.566345 510.612762,876.662231 512.010193,871.342285 
	C523.904236,878.060730 535.781921,885.195007 547.882568,892.938171 
	C550.204407,895.813293 549.798340,898.144043 547.591064,899.779785 
	C544.844849,901.814941 541.734741,903.359009 538.781860,905.115234 
	C528.609070,899.062622 518.436279,893.009949 508.057007,886.713928 
z"/>
<path fill="#279EF8" opacity="1.000000" stroke="none" 
	d="
M877.288574,668.994324 
	C877.289307,661.717102 877.289307,654.938843 877.289307,647.804993 
	C882.364075,647.804993 887.062500,647.804993 892.035034,647.804993 
	C892.035034,659.715515 892.035034,671.419373 892.035034,683.507568 
	C887.337769,683.507568 882.783081,683.507568 877.287903,683.507568 
	C877.287903,678.937805 877.287903,674.215515 877.288574,668.994324 
z"/>
<path fill="#723CF0" opacity="1.000000" stroke="none" 
	d="
M376.261200,649.739258 
	C376.271576,661.252869 376.271576,672.331177 376.271576,683.605713 
	C371.092957,683.605713 366.522736,683.605713 361.618011,683.605713 
	C361.618011,671.641296 361.618011,659.929382 361.618011,647.502502 
	C366.530884,648.252625 371.649506,645.306580 376.261200,649.739258 
z"/>
<path fill="#506CF2" opacity="1.000000" stroke="none" 
	d="
M538.993408,905.384033 
	C541.734741,903.359009 544.844849,901.814941 547.591064,899.779785 
	C549.798340,898.144043 550.204407,895.813293 548.078369,893.206055 
	C556.178345,897.659546 564.331848,902.410522 572.398193,907.305054 
	C573.379639,907.900513 574.480774,909.244080 574.523376,910.282227 
	C574.738892,915.528137 574.622437,920.787659 574.622437,927.172180 
	C562.287842,919.677795 550.746460,912.665344 538.993408,905.384033 
z"/>
<path fill="#2C98F7" opacity="1.000000" stroke="none" 
	d="
M889.648621,616.053711 
	C885.411377,616.055664 881.635071,616.055664 877.624756,616.055664 
	C877.624756,604.137390 877.624756,592.756165 877.624756,581.160278 
	C882.581299,581.160278 887.184937,581.160278 892.333435,581.160278 
	C892.333435,592.247925 892.371460,603.186707 892.238342,614.123352 
	C892.230408,614.774658 890.850891,615.409363 889.648621,616.053711 
z"/>
<path fill="#7239EE" opacity="1.000000" stroke="none" 
	d="
M361.242920,592.031555 
	C361.243195,588.234192 361.243195,584.931335 361.243195,581.274597 
	C366.325043,581.274597 370.889923,581.274597 375.871552,581.274597 
	C375.871552,592.630310 375.871552,604.015259 375.871552,615.746155 
	C371.211151,615.746155 366.618164,615.746155 361.242645,615.746155 
	C361.242645,608.054626 361.242645,600.290344 361.242920,592.031555 
z"/>
<path fill="#7436EF" opacity="1.000000" stroke="none" 
	d="
M375.939117,533.977051 
	C375.989288,535.060425 376.039429,536.143799 375.755310,537.860779 
	C375.589722,539.987061 375.758484,541.479736 375.927246,542.972412 
	C375.980927,544.044556 376.034576,545.116638 375.628845,546.415649 
	C373.378967,546.429138 371.590973,546.059570 369.797485,546.030579 
	C363.407074,545.927063 363.018402,545.615051 363.003052,539.244934 
	C362.977844,528.776917 362.878510,518.306396 363.093628,507.842743 
	C363.136749,505.744690 364.445435,503.672638 365.170563,501.588593 
	C366.966553,502.560394 368.762573,503.532196 370.825836,505.128723 
	C372.064453,508.549194 372.956573,511.376373 374.047363,514.124695 
	C374.464355,515.175476 375.335876,516.045837 376.000275,516.998413 
	C376.048859,517.752197 376.097412,518.506042 375.677673,519.721313 
	C372.887665,524.916626 373.437439,529.498474 375.939117,533.977051 
z"/>
<path fill="#723CF0" opacity="1.000000" stroke="none" 
	d="
M364.957886,501.367126 
	C364.445435,503.672638 363.136749,505.744690 363.093628,507.842743 
	C362.878510,518.306396 362.977844,528.776917 363.003052,539.244934 
	C363.018402,545.615051 363.407074,545.927063 369.797485,546.030579 
	C371.590973,546.059570 373.378967,546.429138 375.540253,546.809875 
	C371.353546,547.587952 366.796051,548.198669 361.698608,548.881775 
	C361.698608,532.059875 361.698608,516.110046 361.698608,499.718811 
	C362.811340,500.239929 363.778290,500.692780 364.957886,501.367126 
z"/>
<path fill="#723CF0" opacity="1.000000" stroke="none" 
	d="
M376.065491,533.601685 
	C373.437439,529.498474 372.887665,524.916626 375.599731,520.092773 
	C376.057404,524.410583 376.124603,528.818481 376.065491,533.601685 
z"/>
<path fill="#723CF0" opacity="1.000000" stroke="none" 
	d="
M376.120514,516.679138 
	C375.335876,516.045837 374.464355,515.175476 374.047363,514.124695 
	C372.956573,511.376373 372.064453,508.549194 371.045654,505.383972 
	C377.760406,506.479065 376.241882,511.770050 376.120514,516.679138 
z"/>
<path fill="#3D90F7" opacity="1.000000" stroke="none" 
	d="
M795.476257,757.269714 
	C796.857239,755.617493 798.541077,753.814453 800.592651,752.005615 
	C799.233337,753.706238 797.506226,755.412537 795.476257,757.269714 
z"/>
<path fill="#723CF0" opacity="1.000000" stroke="none" 
	d="
M376.041931,542.679443 
	C375.758484,541.479736 375.589722,539.987061 375.676208,538.261292 
	C376.006500,539.480957 376.081543,540.933777 376.041931,542.679443 
z"/>
<path fill="#4181F5" opacity="1.000000" stroke="none" 
	d="
M856.057251,388.572144 
	C855.642944,388.856720 854.967529,388.854004 853.793335,388.727295 
	C854.128479,388.497131 854.962219,388.390991 856.057251,388.572144 
z"/>
<path fill="#FDFDFE" opacity="1.000000" stroke="none" 
	d="
M659.639160,402.999573 
	C668.071960,408.004028 676.159424,412.949677 684.639954,418.024963 
	C694.448486,424.094025 703.863831,430.033417 713.623047,436.051361 
	C724.708984,442.760315 735.454956,449.384460 746.190430,456.025543 
	C748.856689,457.674927 751.489014,459.379333 754.487305,461.066010 
	C769.977051,470.392670 785.116516,479.711761 800.596252,489.127960 
	C801.536926,489.711212 802.137329,490.197296 802.984863,490.844727 
	C803.229065,564.605225 803.249268,638.204407 803.109253,711.803223 
	C803.105103,713.980225 801.978699,716.740173 800.422180,718.237000 
	C787.476501,730.686890 774.306396,742.903503 761.066406,755.491211 
	C743.931274,769.598572 726.933838,783.405334 709.722595,797.488159 
	C694.754761,808.183777 680.000671,818.603210 665.030273,829.256042 
	C653.551453,836.816345 642.349243,844.239990 630.954956,851.355896 
	C629.417969,852.315796 626.914856,851.728577 624.506348,851.719971 
	C613.044678,843.987915 601.935730,836.393738 590.504761,828.649597 
	C577.670288,819.642395 565.147827,810.799011 552.658630,801.908875 
	C551.215942,800.881958 549.958313,799.595093 548.305542,798.315063 
	C535.203308,787.892395 522.410461,777.583435 509.304169,767.158630 
	C491.745911,751.787903 474.505676,736.527832 457.240173,721.296448 
	C456.526428,720.666748 455.575836,720.305420 454.379089,719.744751 
	C453.953094,719.420837 453.807037,719.229797 453.229889,718.690308 
	C452.281097,716.301697 451.287201,714.343323 451.170624,712.333984 
	C450.874786,707.234680 450.972076,702.112549 450.911987,696.999573 
	C450.976898,685.025574 451.093262,673.051514 451.097931,661.077515 
	C451.119354,606.343628 451.149384,551.609680 451.024139,496.876007 
	C451.015472,493.076416 452.116180,491.065918 455.476837,489.092529 
	C471.677887,479.579071 487.655212,469.684692 504.195068,459.579712 
	C504.903442,458.946503 505.128693,458.659149 505.353912,458.371765 
	C505.353912,458.371765 505.486664,458.518036 505.586121,458.526917 
	C517.228821,451.463776 528.779053,444.403076 540.300354,437.295441 
	C541.107971,436.797241 541.701294,435.951599 542.973633,435.177063 
	C543.804688,434.836090 544.056396,434.585632 544.308105,434.335175 
	C544.308105,434.335175 544.396667,434.437347 544.463989,434.451111 
	C559.271240,425.240509 574.011230,416.016113 588.909546,406.489624 
	C590.707275,405.528107 592.473450,405.078278 593.965942,404.175690 
	C605.105042,397.439087 616.190063,390.612885 627.648315,383.724487 
	C638.434326,390.069733 648.864075,396.505219 659.639160,402.999573 
M583.004028,560.006226 
	C583.004028,560.006226 583.049683,560.071106 583.581543,559.741577 
	C584.081421,558.842651 584.581238,557.943726 585.034058,557.040466 
	C585.034058,557.040466 585.063232,557.081055 585.617981,556.703430 
	C587.626526,554.293884 589.635071,551.884338 591.437134,550.197205 
	C591.372620,553.192627 591.252991,556.187988 591.251709,559.183411 
	C591.223083,625.452942 591.195679,691.722412 591.201416,757.991943 
	C591.202332,768.640381 591.362305,779.288879 591.227478,790.660278 
	C591.622437,792.037781 591.568604,794.039673 592.481934,794.696228 
	C601.574341,801.232666 610.826355,807.546936 620.534790,814.271362 
	C620.534790,808.835999 620.534790,804.397583 620.728638,799.076843 
	C620.676819,796.064880 620.625000,793.052979 620.780518,789.210754 
	C620.710876,787.794250 620.641174,786.377747 620.754333,784.046814 
	C620.629028,763.956909 620.503723,743.866943 620.591187,723.292603 
	C620.541138,722.951782 620.491089,722.610901 620.607422,721.419434 
	C620.672546,719.088257 620.794067,716.757080 620.794678,714.425903 
	C620.814148,646.779663 620.822998,579.133423 620.820374,511.487183 
	C620.820312,509.994507 620.667542,508.501831 620.777771,506.187897 
	C620.718079,504.790100 620.658386,503.392334 620.782471,501.258667 
	C620.723206,500.508057 620.663940,499.757416 620.789124,498.264313 
	C620.730408,497.506989 620.671692,496.749664 620.796387,495.120758 
	C620.736511,492.750244 620.676636,490.379730 620.801941,487.088867 
	C620.754089,475.728699 620.706238,464.368530 620.742065,452.590424 
	C620.482971,452.717102 620.223816,452.843781 619.286682,453.061981 
	C618.266663,454.341614 617.135498,455.548615 616.244019,456.912354 
	C608.439087,468.853180 600.676941,480.821991 592.320496,493.180206 
	C578.345642,514.842896 564.370789,536.505554 550.477722,558.041504 
	C544.146912,553.922974 538.627869,550.332520 532.721130,546.206177 
	C512.609680,532.712036 492.498199,519.217896 471.701569,505.264069 
	C471.701569,517.669617 471.700531,529.089539 471.701721,540.509460 
	C471.707062,592.967651 471.694885,645.425964 471.789062,697.883972 
	C471.792603,699.854919 472.201843,702.523682 473.488770,703.680298 
	C481.777924,711.129578 490.364532,718.247803 499.401123,726.098328 
	C499.909119,724.485107 500.858612,722.872559 500.861084,721.258545 
	C500.940155,669.625183 500.930969,617.991760 500.915955,566.358276 
	C500.915375,564.366638 500.725159,562.374939 501.392029,560.537720 
	C509.247162,566.030640 517.102295,571.523560 525.323853,577.585144 
	C535.864502,584.943298 546.405151,592.301392 557.309814,599.913574 
	C565.464050,587.227539 573.238281,575.132629 581.539551,562.704407 
	C582.051025,561.817444 582.562500,560.930481 583.004028,560.006226 
M703.008484,761.008911 
	C703.008484,761.008911 703.054321,761.084595 703.694946,760.854126 
	C713.146423,753.636780 722.597900,746.419434 732.709290,738.986877 
	C736.420959,735.943176 740.034668,732.769714 743.862732,729.880371 
	C755.123596,721.380859 766.545105,713.091858 777.699707,704.456848 
	C779.350647,703.178772 780.807861,700.480225 780.819824,698.429993 
	C781.013672,665.298706 780.963745,632.166016 780.943420,599.033630 
	C780.942566,597.667236 780.690186,596.300964 780.481201,594.189453 
	C772.114502,598.538208 764.469971,602.511597 756.116028,606.717712 
	C740.431763,614.625122 724.734558,622.507446 709.093872,630.500183 
	C708.110535,631.002563 706.935547,632.358215 706.919312,633.334717 
	C706.757751,643.059265 706.821350,652.787476 706.821350,663.616089 
	C721.857422,655.879272 735.981079,648.611938 750.532471,641.351318 
	C750.843811,641.431091 751.104675,641.349426 751.293396,641.911621 
	C751.183594,657.934143 751.073730,673.956726 750.355408,690.266479 
	C747.107300,692.772217 743.859253,695.277893 739.991394,698.002686 
	C729.568481,705.958557 719.145569,713.914429 708.116272,722.136108 
	C696.727234,730.706360 685.338196,739.276550 673.305237,748.023987 
	C672.303955,748.640564 671.302612,749.257141 670.171021,749.953979 
	C669.790222,748.691589 669.525757,747.814880 669.383545,746.015076 
	C669.385986,744.848938 669.389160,743.682739 669.390869,742.516602 
	C669.460999,694.037903 669.531128,645.559265 670.219055,596.861877 
	C677.144531,593.187683 684.070007,589.513550 691.701416,585.855652 
	C703.468811,579.643555 715.236267,573.431396 727.722412,567.073486 
	C744.302612,558.587280 760.906250,550.146057 777.424255,541.540588 
	C778.960083,540.740479 780.989807,538.930420 781.032532,537.535522 
	C781.341614,527.437378 781.198425,517.325378 781.198425,506.007050 
	C763.172058,515.761841 745.986694,525.061462 728.091919,534.591309 
	C716.339783,540.863647 704.587708,547.135986 692.118286,553.626831 
	C676.473572,561.755676 660.888794,570.003784 645.138855,577.923279 
	C641.527283,579.739258 639.767212,581.802490 640.203308,585.902710 
	C640.518311,588.864929 640.266907,591.887024 640.274780,594.882385 
	C640.352905,624.656677 640.439758,654.431030 640.509705,684.205322 
	C640.590210,718.467163 640.656067,752.729065 640.411621,787.732666 
	C640.411621,794.457153 640.411621,801.181702 640.411621,809.215088 
	C648.022400,803.228577 654.508301,798.126892 661.637329,792.789978 
	C662.977356,791.578979 664.233948,790.257324 665.670654,789.174622 
	C677.132507,780.537537 688.628418,771.945740 700.716797,763.123901 
	C701.505859,762.434265 702.294922,761.744568 703.008484,761.008911 
z"/>
<path fill="#723CF0" opacity="1.000000" stroke="none" 
	d="
M450.523438,697.100098 
	C450.972076,702.112549 450.874786,707.234680 451.170624,712.333984 
	C451.287201,714.343323 452.281097,716.301697 453.053101,718.638611 
	C451.884735,718.321655 449.371979,717.646790 449.373474,716.977600 
	C449.388336,710.384766 449.820831,703.792847 450.523438,697.100098 
z"/>
<path fill="#723CF0" opacity="1.000000" stroke="none" 
	d="
M505.043518,458.384583 
	C505.128693,458.659149 504.903442,458.946503 504.406189,459.330017 
	C504.333862,459.083191 504.533508,458.740295 505.043518,458.384583 
z"/>
<path fill="#FDFDFE" opacity="1.000000" stroke="none" 
	d="
M275.534058,806.663818 
	C266.814758,799.652161 264.379120,790.767639 268.566895,782.207886 
	C272.401886,774.369263 281.846558,769.973145 290.472412,772.209778 
	C297.831360,774.117859 302.911835,778.665405 304.586578,786.202271 
	C306.285339,793.847290 304.105286,800.576233 297.833618,805.349976 
	C290.996063,810.554382 283.506714,811.136414 275.534058,806.663818 
z"/>
<path fill="#FDFDFE" opacity="1.000000" stroke="none" 
	d="
M275.135498,414.953674 
	C282.983795,410.347137 290.389069,410.604187 297.374878,415.782471 
	C303.904449,420.622620 306.165222,427.305206 304.465820,435.186432 
	C302.687897,443.431793 297.137634,447.994019 289.154327,449.694946 
	C280.989807,451.434418 272.287140,446.861969 268.494598,439.106140 
	C264.457855,430.850952 266.836273,421.841400 275.135498,414.953674 
z"/>
<path fill="#FDFDFE" opacity="1.000000" stroke="none" 
	d="
M952.830566,776.801453 
	C961.366333,770.568665 970.077393,769.997437 977.163879,774.967407 
	C983.475891,779.394226 986.516113,787.794067 984.518921,795.289062 
	C982.410278,803.202393 976.138794,808.538208 967.745117,809.560608 
	C960.331970,810.463623 952.263367,806.028259 948.775269,799.132629 
	C945.091797,791.851013 946.428772,784.067505 952.830566,776.801453 
z"/>
<path fill="#FDFDFE" opacity="1.000000" stroke="none" 
	d="
M975.641235,413.638611 
	C983.635559,418.571899 987.309753,425.410980 985.568909,434.406891 
	C984.003235,442.497986 978.807495,447.539398 970.786987,449.486633 
	C962.935486,451.392822 954.199036,447.695587 949.683105,440.475586 
	C945.131592,426.823578 949.813538,415.584808 961.715698,412.737946 
	C965.929810,411.729919 970.737610,413.204132 975.641235,413.638611 
z"/>
<path fill="#FDFDFE" opacity="1.000000" stroke="none" 
	d="
M620.426880,244.882553 
	C619.495056,244.277344 619.019287,243.555115 618.349060,243.187225 
	C607.309753,237.128098 602.892212,226.516602 607.170654,216.218842 
	C611.528198,205.730591 622.100464,201.333176 634.550781,205.061417 
	C642.511108,209.547531 647.186340,215.792084 646.951355,224.863693 
	C646.654297,236.331558 638.435181,244.023010 625.071777,244.875275 
	C623.893738,244.867172 623.444092,244.890320 622.994446,244.913452 
	C622.260437,244.919113 621.526489,244.924759 620.426880,244.882553 
z"/>
<path fill="#6946F0" opacity="1.000000" stroke="none" 
	d="
M623.028809,245.217010 
	C623.444092,244.890320 623.893738,244.867172 624.669250,244.943359 
	C624.744446,245.552902 624.493774,246.063095 624.243103,246.573303 
	C623.849792,246.222382 623.456421,245.871475 623.028809,245.217010 
z"/>
<path fill="#FDFDFE" opacity="1.000000" stroke="none" 
	d="
M637.572144,976.128052 
	C647.430542,986.646667 647.063721,999.435974 636.912415,1006.591797 
	C631.312500,1010.539368 625.176697,1010.871277 618.419434,1008.360596 
	C606.223572,1001.549744 606.414795,989.207214 610.155823,982.000671 
	C615.175720,972.330627 626.878906,969.747437 637.572144,976.128052 
z"/>
<path fill="#6946F0" opacity="1.000000" stroke="none" 
	d="
M544.041992,434.307251 
	C544.056396,434.585632 543.804688,434.836090 543.278320,435.026550 
	C543.261047,434.737457 543.518433,434.508362 544.041992,434.307251 
z"/>
<path fill="#723CF0" opacity="1.000000" stroke="none" 
	d="
M498.853485,725.474731 
	C490.364532,718.247803 481.777924,711.129578 473.488770,703.680298 
	C472.201843,702.523682 471.792603,699.854919 471.789062,697.883972 
	C471.694885,645.425964 471.707062,592.967651 471.701721,540.509460 
	C471.700531,529.089539 471.701569,517.669617 471.701569,505.264069 
	C492.498199,519.217896 512.609680,532.712036 532.884277,546.903564 
	C534.106201,557.655334 528.834656,566.670654 528.127625,576.776367 
	C527.208557,576.845947 526.082947,576.931213 524.957397,577.016479 
	C517.102295,571.523560 509.247162,566.030640 500.702515,560.402466 
	C499.675110,561.945251 499.051117,563.621887 499.043640,565.301331 
	C498.970367,581.767944 499.014557,598.234924 498.997040,614.701843 
	C498.957794,651.626160 498.902313,688.550415 498.853485,725.474731 
z"/>
<path fill="#506CF2" opacity="1.000000" stroke="none" 
	d="
M640.728271,786.990906 
	C640.656067,752.729065 640.590210,718.467163 640.509705,684.205322 
	C640.439758,654.431030 640.352905,624.656677 640.274780,594.882385 
	C640.266907,591.887024 640.518311,588.864929 640.203308,585.902710 
	C639.767212,581.802490 641.527283,579.739258 645.138855,577.923279 
	C660.888794,570.003784 676.473572,561.755676 692.518066,553.976196 
	C693.358948,557.704041 695.140625,561.661011 693.980957,564.348877 
	C690.941528,571.393555 691.006470,578.550720 690.995544,585.839417 
	C684.070007,589.513550 677.144531,593.187683 669.502075,597.147705 
	C668.524231,599.357788 668.039917,601.281738 668.035950,603.206543 
	C667.976074,632.477295 667.978943,661.748169 667.631348,691.066528 
	C665.557800,692.589600 664.018738,694.453430 662.043213,695.464294 
	C657.118591,697.984070 655.623108,702.331299 655.044556,707.266113 
	C654.603149,711.031433 654.353333,714.819092 654.013489,718.596375 
	C653.160828,728.073181 651.144043,730.560364 642.004883,732.907837 
	C642.004883,734.551514 642.004883,736.345459 642.004822,738.139404 
	C642.004333,752.759460 642.044556,767.379822 641.947205,781.999268 
	C641.936096,783.665771 641.153259,785.327148 640.728271,786.990906 
z"/>
<path fill="#6058F1" opacity="1.000000" stroke="none" 
	d="
M620.598633,501.994537 
	C620.658386,503.392334 620.718079,504.790100 620.325562,506.734711 
	C619.582153,509.012787 619.040710,510.743591 619.037415,512.475403 
	C618.983765,540.584229 619.177673,568.695068 618.859680,596.800354 
	C618.788574,603.089172 617.017700,609.365112 615.949158,615.633301 
	C615.430115,618.677917 614.203247,620.991211 610.684204,619.412048 
	C610.209900,622.726562 609.797974,625.605225 609.253601,629.409546 
	C611.208679,627.863708 612.401978,626.920227 614.863342,624.974121 
	C615.128479,628.297363 615.305969,630.522400 615.483398,632.747437 
	C613.203918,632.563904 610.924438,632.380432 607.239502,632.083801 
	C606.322632,635.657349 605.199646,640.199280 603.986389,644.716919 
	C602.766418,649.259888 601.596558,653.824158 600.142395,658.293823 
	C598.963257,661.918274 597.456848,665.442139 595.976440,668.960449 
	C595.108948,671.021912 594.008057,672.985229 593.006958,674.524841 
	C593.001099,649.413513 593.000122,624.770081 593.000122,600.126587 
	C593.000122,584.308167 593.027893,568.489563 592.944031,552.671570 
	C592.938416,551.603699 592.096558,550.540283 591.643616,549.474731 
	C589.635071,551.884338 587.626526,554.293884 585.324707,556.504150 
	C586.683838,551.688293 588.737427,547.168762 589.882507,542.429688 
	C591.189087,537.022339 591.749512,531.428223 592.514587,525.898743 
	C593.099854,521.669312 593.815613,517.415588 593.836487,513.169556 
	C593.845642,511.279205 591.492249,509.331360 591.607117,507.496979 
	C591.847900,503.651764 593.117249,499.881012 593.729736,496.042267 
	C593.891968,495.025574 593.201172,493.872772 592.902039,492.782471 
	C600.676941,480.821991 608.439087,468.853180 616.244019,456.912354 
	C617.135498,455.548615 618.266663,454.341614 619.798584,453.034058 
	C620.310486,453.006165 620.658447,453.008362 620.658447,453.008362 
	C620.706238,464.368530 620.754089,475.728699 620.367676,487.666718 
	C620.159851,490.827148 620.386353,493.409760 620.612915,495.992340 
	C620.671692,496.749664 620.730408,497.506989 620.409424,498.706146 
	C620.219299,500.096832 620.408997,501.045685 620.598633,501.994537 
z"/>
<path fill="#398CF6" opacity="1.000000" stroke="none" 
	d="
M751.315063,641.106384 
	C751.104675,641.349426 750.843811,641.431091 750.293213,640.937012 
	C750.986084,637.911926 751.884644,635.288635 752.856567,632.692810 
	C756.023621,624.233398 761.519409,616.133179 756.825439,606.484985 
	C764.469971,602.511597 772.114502,598.538208 780.481201,594.189453 
	C780.690186,596.300964 780.942566,597.667236 780.943420,599.033630 
	C780.963745,632.166016 781.013672,665.298706 780.819824,698.429993 
	C780.807861,700.480225 779.350647,703.178772 777.699707,704.456848 
	C766.545105,713.091858 755.123596,721.380859 743.862732,729.880371 
	C740.034668,732.769714 736.420959,735.943176 732.392639,738.729553 
	C733.092773,736.781006 733.727356,734.566711 735.195923,733.493774 
	C740.162292,729.865295 741.099854,724.595337 741.983704,719.141235 
	C742.509888,715.894165 743.039490,712.599243 744.072266,709.493713 
	C745.684387,704.646606 745.790955,700.503784 740.611206,697.783569 
	C743.859253,695.277893 747.107300,692.772217 751.058716,690.039429 
	C752.170105,688.993530 752.929626,688.176575 752.933899,687.355652 
	C753.007812,672.984436 753.024231,658.612549 752.918701,644.241760 
	C752.911011,643.192749 751.873657,642.151367 751.315063,641.106384 
z"/>
<path fill="#5A5CF1" opacity="1.000000" stroke="none" 
	d="
M593.012207,674.992676 
	C594.008057,672.985229 595.108948,671.021912 595.976440,668.960449 
	C597.456848,665.442139 598.963257,661.918274 600.142395,658.293823 
	C601.596558,653.824158 602.766418,649.259888 603.986389,644.716919 
	C605.199646,640.199280 606.322632,635.657349 607.239502,632.083801 
	C610.924438,632.380432 613.203918,632.563904 615.483398,632.747437 
	C615.305969,630.522400 615.128479,628.297363 614.863342,624.974121 
	C612.401978,626.920227 611.208679,627.863708 609.253601,629.409546 
	C609.797974,625.605225 610.209900,622.726562 610.684204,619.412048 
	C614.203247,620.991211 615.430115,618.677917 615.949158,615.633301 
	C617.017700,609.365112 618.788574,603.089172 618.859680,596.800354 
	C619.177673,568.695068 618.983765,540.584229 619.037415,512.475403 
	C619.040710,510.743591 619.582153,509.012787 620.229675,507.145325 
	C620.667542,508.501831 620.820312,509.994507 620.820374,511.487183 
	C620.822998,579.133423 620.814148,646.779663 620.794678,714.425903 
	C620.794067,716.757080 620.672546,719.088257 620.155701,721.563293 
	C619.297363,717.299988 618.890747,712.892822 618.484192,708.485657 
	C616.194336,712.476440 614.921387,716.545349 613.188599,720.407898 
	C612.215393,722.577393 609.948364,724.221680 609.189514,726.421814 
	C606.728455,733.557495 604.815002,740.879944 602.459534,748.054688 
	C600.476501,754.095093 598.259705,760.064209 595.946716,765.986938 
	C595.361694,767.484741 594.014221,768.684753 593.006592,769.550842 
	C593.001343,737.717590 593.006775,706.355164 593.012207,674.992676 
z"/>
<path fill="#664CF1" opacity="1.000000" stroke="none" 
	d="
M592.611267,492.981323 
	C593.201172,493.872772 593.891968,495.025574 593.729736,496.042267 
	C593.117249,499.881012 591.847900,503.651764 591.607117,507.496979 
	C591.492249,509.331360 593.845642,511.279205 593.836487,513.169556 
	C593.815613,517.415588 593.099854,521.669312 592.514587,525.898743 
	C591.749512,531.428223 591.189087,537.022339 589.882507,542.429688 
	C588.737427,547.168762 586.683838,551.688293 585.047363,556.692932 
	C585.063232,557.081055 585.034058,557.040466 584.700989,557.080078 
	C583.928528,558.103455 583.489075,559.087280 583.049683,560.071106 
	C583.049683,560.071106 583.004028,560.006226 582.685059,560.061646 
	C581.914917,561.090637 581.463745,562.064148 581.012573,563.037720 
	C573.238281,575.132629 565.464050,587.227539 557.309814,599.913574 
	C546.405151,592.301392 535.864502,584.943298 525.140625,577.300781 
	C526.082947,576.931213 527.208557,576.845947 528.127625,576.776367 
	C528.834656,566.670654 534.106201,557.655334 533.078125,547.171509 
	C538.627869,550.332520 544.146912,553.922974 550.477722,558.041504 
	C564.370789,536.505554 578.345642,514.842896 592.611267,492.981323 
z"/>
<path fill="#5078F3" opacity="1.000000" stroke="none" 
	d="
M640.569946,787.361816 
	C641.153259,785.327148 641.936096,783.665771 641.947205,781.999268 
	C642.044556,767.379822 642.004333,752.759460 642.004822,738.139404 
	C642.004883,736.345459 642.004883,734.551514 642.004883,732.907837 
	C651.144043,730.560364 653.160828,728.073181 654.013489,718.596375 
	C654.353333,714.819092 654.603149,711.031433 655.044556,707.266113 
	C655.623108,702.331299 657.118591,697.984070 662.043213,695.464294 
	C664.018738,694.453430 665.557800,692.589600 667.640625,691.532959 
	C667.987976,708.616150 667.954468,725.280579 668.047974,741.944275 
	C668.057312,743.611145 668.838379,745.273621 669.261292,746.938171 
	C669.525757,747.814880 669.790222,748.691589 670.171021,749.953979 
	C671.302612,749.257141 672.303955,748.640564 673.604675,748.325317 
	C673.661438,749.739014 672.967346,750.985596 673.251404,751.941467 
	C674.777588,757.076233 672.694092,761.316101 670.074158,765.342957 
	C664.580750,773.786499 661.823120,783.077209 660.994263,793.025146 
	C654.508301,798.126892 648.022400,803.228577 640.411621,809.215088 
	C640.411621,801.181702 640.411621,794.457153 640.569946,787.361816 
z"/>
<path fill="#5E6BF2" opacity="1.000000" stroke="none" 
	d="
M593.017151,770.021606 
	C594.014221,768.684753 595.361694,767.484741 595.946716,765.986938 
	C598.259705,760.064209 600.476501,754.095093 602.459534,748.054688 
	C604.815002,740.879944 606.728455,733.557495 609.189514,726.421814 
	C609.948364,724.221680 612.215393,722.577393 613.188599,720.407898 
	C614.921387,716.545349 616.194336,712.476440 618.484192,708.485657 
	C618.890747,712.892822 619.297363,717.299988 620.072510,721.988647 
	C620.491089,722.610901 620.541138,722.951782 620.124268,723.816162 
	C619.466187,724.788696 619.108826,725.237244 619.107483,725.686829 
	C619.051697,744.549744 619.006165,763.412842 619.066772,782.275513 
	C619.069641,783.172363 620.047668,784.066040 620.571533,784.961243 
	C620.641174,786.377747 620.710876,787.794250 620.330444,789.749146 
	C620.098572,793.511414 620.316650,796.735291 620.534790,799.959167 
	C620.534790,804.397583 620.534790,808.835999 620.534790,814.271362 
	C610.826355,807.546936 601.574341,801.232666 592.481934,794.696228 
	C591.568604,794.039673 591.622437,792.037781 591.690552,790.169983 
	C592.441406,783.127014 592.729248,776.574280 593.017151,770.021606 
z"/>
<path fill="#4181F5" opacity="1.000000" stroke="none" 
	d="
M728.801392,534.361145 
	C745.986694,525.061462 763.172058,515.761841 781.198425,506.007050 
	C781.198425,517.325378 781.341614,527.437378 781.032532,537.535522 
	C780.989807,538.930420 778.960083,540.740479 777.424255,541.540588 
	C760.906250,550.146057 744.302612,558.587280 727.361572,566.680237 
	C727.069092,564.136719 726.902039,561.947937 727.246826,559.842957 
	C728.630493,551.394531 732.242371,543.101685 728.801392,534.361145 
z"/>
<path fill="#4181F5" opacity="1.000000" stroke="none" 
	d="
M756.470703,606.601318 
	C761.519409,616.133179 756.023621,624.233398 752.856567,632.692810 
	C751.884644,635.288635 750.986084,637.911926 750.079346,640.933594 
	C735.981079,648.611938 721.857422,655.879272 706.821350,663.616089 
	C706.821350,652.787476 706.757751,643.059265 706.919312,633.334717 
	C706.935547,632.358215 708.110535,631.002563 709.093872,630.500183 
	C724.734558,622.507446 740.431763,614.625122 756.470703,606.601318 
z"/>
<path fill="#477AF3" opacity="1.000000" stroke="none" 
	d="
M661.315796,792.907593 
	C661.823120,783.077209 664.580750,773.786499 670.074158,765.342957 
	C672.694092,761.316101 674.777588,757.076233 673.251404,751.941467 
	C672.967346,750.985596 673.661438,749.739014 673.926636,748.236694 
	C685.338196,739.276550 696.727234,730.706360 708.762573,722.162964 
	C710.605164,724.751221 712.582886,727.232544 712.855042,729.888611 
	C713.772217,738.840027 709.692200,746.448425 705.487915,753.984436 
	C704.288452,756.134521 703.844666,758.706238 703.054321,761.084595 
	C703.054321,761.084595 703.008484,761.008911 702.663574,761.021484 
	C701.583740,761.802673 700.848755,762.571289 700.113831,763.339966 
	C688.628418,771.945740 677.132507,780.537537 665.670654,789.174622 
	C664.233948,790.257324 662.977356,791.578979 661.315796,792.907593 
z"/>
<path fill="#4974F3" opacity="1.000000" stroke="none" 
	d="
M728.446655,534.476196 
	C732.242371,543.101685 728.630493,551.394531 727.246826,559.842957 
	C726.902039,561.947937 727.069092,564.136719 727.002197,566.753174 
	C715.236267,573.431396 703.468811,579.643555 691.348511,585.847534 
	C691.006470,578.550720 690.941528,571.393555 693.980957,564.348877 
	C695.140625,561.661011 693.358948,557.704041 692.876709,553.866943 
	C704.587708,547.135986 716.339783,540.863647 728.446655,534.476196 
z"/>
<path fill="#4181F5" opacity="1.000000" stroke="none" 
	d="
M703.374634,760.969360 
	C703.844666,758.706238 704.288452,756.134521 705.487915,753.984436 
	C709.692200,746.448425 713.772217,738.840027 712.855042,729.888611 
	C712.582886,727.232544 710.605164,724.751221 709.065796,722.030090 
	C719.145569,713.914429 729.568481,705.958557 740.301270,697.893188 
	C745.790955,700.503784 745.684387,704.646606 744.072266,709.493713 
	C743.039490,712.599243 742.509888,715.894165 741.983704,719.141235 
	C741.099854,724.595337 740.162292,729.865295 735.195923,733.493774 
	C733.727356,734.566711 733.092773,736.781006 732.062683,738.837158 
	C722.597900,746.419434 713.146423,753.636780 703.374634,760.969360 
z"/>
<path fill="#664CF1" opacity="1.000000" stroke="none" 
	d="
M593.006592,769.550842 
	C592.729248,776.574280 592.441406,783.127014 591.801147,789.808472 
	C591.362305,779.288879 591.202332,768.640381 591.201416,757.991943 
	C591.195679,691.722412 591.223083,625.452942 591.251709,559.183411 
	C591.252991,556.187988 591.372620,553.192627 591.540405,549.835938 
	C592.096558,550.540283 592.938416,551.603699 592.944031,552.671570 
	C593.027893,568.489563 593.000122,584.308167 593.000122,600.126587 
	C593.000122,624.770081 593.001099,649.413513 593.006958,674.524841 
	C593.006775,706.355164 593.001343,737.717590 593.006592,769.550842 
z"/>
<path fill="#7239EE" opacity="1.000000" stroke="none" 
	d="
M499.127319,725.786499 
	C498.902313,688.550415 498.957794,651.626160 498.997040,614.701843 
	C499.014557,598.234924 498.970367,581.767944 499.043640,565.301331 
	C499.051117,563.621887 499.675110,561.945251 500.318176,560.325317 
	C500.725159,562.374939 500.915375,564.366638 500.915955,566.358276 
	C500.930969,617.991760 500.940155,669.625183 500.861084,721.258545 
	C500.858612,722.872559 499.909119,724.485107 499.127319,725.786499 
z"/>
<path fill="#4974F3" opacity="1.000000" stroke="none" 
	d="
M669.322388,746.476624 
	C668.838379,745.273621 668.057312,743.611145 668.047974,741.944275 
	C667.954468,725.280579 667.987976,708.616150 667.976440,691.485474 
	C667.978943,661.748169 667.976074,632.477295 668.035950,603.206543 
	C668.039917,601.281738 668.524231,599.357788 669.193237,597.257019 
	C669.531128,645.559265 669.460999,694.037903 669.390869,742.516602 
	C669.389160,743.682739 669.385986,744.848938 669.322388,746.476624 
z"/>
<path fill="#5A5CF1" opacity="1.000000" stroke="none" 
	d="
M620.662964,784.504028 
	C620.047668,784.066040 619.069641,783.172363 619.066772,782.275513 
	C619.006165,763.412842 619.051697,744.549744 619.107483,725.686829 
	C619.108826,725.237244 619.466187,724.788696 620.017883,724.058350 
	C620.503723,743.866943 620.629028,763.956909 620.662964,784.504028 
z"/>
<path fill="#3094F8" opacity="1.000000" stroke="none" 
	d="
M751.304199,641.509033 
	C751.873657,642.151367 752.911011,643.192749 752.918701,644.241760 
	C753.024231,658.612549 753.007812,672.984436 752.933899,687.355652 
	C752.929626,688.176575 752.170105,688.993530 751.363037,689.895813 
	C751.073730,673.956726 751.183594,657.934143 751.304199,641.509033 
z"/>
<path fill="#5A5CF1" opacity="1.000000" stroke="none" 
	d="
M620.631714,799.518005 
	C620.316650,796.735291 620.098572,793.511414 620.226807,790.164307 
	C620.625000,793.052979 620.676819,796.064880 620.631714,799.518005 
z"/>
<path fill="#5A5CF1" opacity="1.000000" stroke="none" 
	d="
M620.704590,495.556549 
	C620.386353,493.409760 620.159851,490.827148 620.275024,488.126892 
	C620.676636,490.379730 620.736511,492.750244 620.704590,495.556549 
z"/>
<path fill="#5A5CF1" opacity="1.000000" stroke="none" 
	d="
M620.690552,501.626587 
	C620.408997,501.045685 620.219299,500.096832 620.317139,499.077393 
	C620.663940,499.757416 620.723206,500.508057 620.690552,501.626587 
z"/>
<path fill="#6058F1" opacity="1.000000" stroke="none" 
	d="
M583.315552,559.906372 
	C583.489075,559.087280 583.928528,558.103455 584.724487,557.082275 
	C584.581238,557.943726 584.081421,558.842651 583.315552,559.906372 
z"/>
<path fill="#6058F1" opacity="1.000000" stroke="none" 
	d="
M581.276001,562.871094 
	C581.463745,562.064148 581.914917,561.090637 582.720093,560.080322 
	C582.562500,560.930481 582.051025,561.817444 581.276001,562.871094 
z"/>
<path fill="#4181F5" opacity="1.000000" stroke="none" 
	d="
M700.415283,763.231934 
	C700.848755,762.571289 701.583740,761.802673 702.701355,761.044434 
	C702.294922,761.744568 701.505859,762.434265 700.415283,763.231934 
z"/>
<path fill="#5E6BF2" opacity="1.000000" stroke="none" 
	d="
M620.700256,452.799377 
	C620.658447,453.008362 620.310486,453.006165 620.137573,452.988312 
	C620.223816,452.843781 620.482971,452.717102 620.700256,452.799377 
z"/>
</svg>